3545_104_1_jpg.rf.3f305f516835c9136d72413097d1ac04.jpg 147,190,341,249,0
2477_104_1_jpg.rf.5ffa161398c6d9517eb8bea13c82242b.jpg 293,191,559,255,0
2216_104_0_jpg.rf.0b1191faaecafdd2a4d30c00003864cc.jpg 68,170,177,234,0
6775_104_1_jpg.rf.3713dc1b980c226251f8e7c5810daeb2.jpg 151,180,369,244,0
6472_104_0_jpg.rf.2bb2221c4b152125ac61ce2b2a105a30.jpg 396,208,618,266,0
3525_104_0_jpg.rf.73471ee33b09e7821edfd59e38a6ac4c.jpg 96,197,266,262,0
26_104_1_jpg.rf.2632855e6ac02a9b9c56913b38b91214.jpg 206,173,436,237,0
3542_104_0_jpg.rf.0df66ec9ab0f91510738e2c6090c1f8d.jpg 61,174,187,237,0
9664_104_0_jpeg.rf.7b87f4b02fc117594ad6c8ea2614961c.jpg 189,190,412,252,0
6845_104_0_jpg.rf.13787b70faaa27363c21638f152db33d.jpg 290,191,483,250,0
3223_104_1_jpg.rf.73903cfeb4819f99d7489fbd6eaeaf2c.jpg 198,185,397,246,0
6101_104_1_jpg.rf.4237ee2ad3ac20382e7b79f78d4b1fae.jpg 107,219,301,283,0
2695_104_1_jpg.rf.dbc861274259dad553189fbea80fb513.jpg 120,171,309,239,0
6811_104_1_jpg.rf.e4037026fec65a7fada828c4816cc445.jpg 378,198,626,256,0
128_104_0_jpg.rf.14438ab06c6cdf103ff09ee9efe145ff.jpg 56,174,168,241,0
135_104_1_jpg.rf.2c4b61cad10d1a12cc71e8014e370255.jpg 229,199,481,271,0
6226_104_1_jpg.rf.fda4966540499432f345422668dc1258.jpg 324,180,626,245,0
3423_104_1_jpg.rf.76b00e744086bea6d052eef78c86a90d.jpg 103,171,247,231,0
3426_104_0_jpg.rf.9c9475ccc9ab83e3f068f999e0ff5ba2.jpg 75,172,211,237,0
6480_104_0_jpg.rf.dd467aed19ba0362c8236398c8afeaa0.jpg 215,193,425,253,0
2751_104_0_jpg.rf.f0c19d1c987c357b2b91e73a71805fac.jpg 231,193,481,257,0
9670_104_1_jpg.rf.25bf7368b445aa4cb486d543e4c9ad84.jpg 139,178,353,236,0
6412_104_0_jpg.rf.8c48039f89291b43f899f5fe8c22302e.jpg 321,197,527,255,0
6241_104_1_jpg.rf.f02740c2f61be2964c87720e2b9a8d13.jpg 121,189,312,257,0
386_104_0_jpg.rf.52b5f99aa1b386d48686b26651f0ca53.jpg 222,192,427,261,0
2457_104_0_jpg.rf.6dd54353328e955eaf5bc415fdbe2309.jpg 40,184,137,253,0
6425_104_1_jpeg.rf.a636dd5ab38214f23ed74fe719fe8da4.jpg 149,217,370,283,0
3441_104_0_jpg.rf.210e1993ece3d07addb7ce23953116a7.jpg 260,188,464,248,0
6197_104_0_jpg.rf.62a59e84a25c63773df49784e338f4df.jpg 93,159,292,222,0
6442_104_0_jpg.rf.c3ddcd8908c26396837b6af822c3d315.jpg 106,193,271,260,0
6181_104_1_jpg.rf.1e5d990bdb2974a46b78229a1012731d.jpg 378,213,640,276,0
3679_104_0_jpg.rf.514638411276845ddaa04a361c7e8708.jpg 161,162,350,225,0
6185_104_1_jpg.rf.c21878560de9233e81ed85c7831ece00.jpg 107,177,275,240,0
2654_104_0_jpg.rf.ed8f9c00e73102e68bb8a2dee4d21009.jpg 0,218,57,281,0
6496_104_0_jpg.rf.eeb965fcf29db0df3d50d861a328945f.jpg 16,213,75,270,0
3419_104_0_jpg.rf.3dd3e674c437f72c790dc4ac578b80d5.jpg 121,178,311,240,0
2450_104_0_jpg.rf.7d028a0732b811b2f30d63c5f2815fa8.jpg 312,196,534,264,0
2755_104_0_jpg.rf.b6738d6f4c773b881d304524614ca546.jpg 106,181,293,244,0
3216_104_0_jpg.rf.046b5c383e82621cabf6e29aea317a27.jpg 114,175,297,241,0
6163_104_1_jpg.rf.0696bb889622ba641766aab2beac8f29.jpg 163,166,373,226,0
3265_104_0_jpg.rf.4892e01dd173ad05b4cc9966f6ac107e.jpg 74,163,204,229,0
6361_104_0_jpg.rf.f626b801836972c69d1e6b75482cadb2.jpg 57,195,127,255,0
6464_104_0_jpg.rf.4758f9a483a58256bad42f7a9e49e0e0.jpg 13,213,95,278,0
9665_104_1_jpg.rf.a5f3443d2e0470636437b6efa5b52710.jpg 86,181,232,240,0
9646_104_0_jpg.rf.90a482bd239ab4b7e340eb7c6dc847bf.jpg 80,169,209,233,0
6508_104_0_jpg.rf.796cdf66ee57754d5f9c96543a71e539.jpg 72,201,207,264,0
6238_104_0_jpg.rf.c19cad08135a85786afc0883da7ce5a9.jpg 91,199,267,271,0
3413_104_0_jpeg.rf.d130b05748d2ef8775c2dd4204a1e2a5.jpg 293,191,504,254,0
6515_104_1_jpg.rf.75022ce71ac3ad440a8d933de5527298.jpg 248,189,450,249,0
6322_104_0_jpg.rf.2a4cdba98087b6513c05a8c7c6c1a55d.jpg 345,197,564,257,0
3211_104_0_jpg.rf.2913d50310d5457ebf8e09ccc744b17d.jpg 8,216,57,271,0
6328_104_0_jpg.rf.7c2742d53367f1cc46f02499d8e270f0.jpg 73,175,193,236,0
6319_104_0_jpg.rf.c9d7e08eabce9d12116e71663cfcc70e.jpg 35,205,113,271,0
6276_104_1_jpg.rf.1933058fdc3d62e8f985aa20cfc3f24f.jpg 139,183,322,247,0
6814_104_1_jpg.rf.a42372d365d950865893c57cccf9a34a.jpg 111,198,301,264,0
6447_104_1_jpg.rf.b55880df9e298ac03b46c54b516a495d.jpg 197,193,424,255,0
6204_104_1_jpg.rf.d1da18a53ce5c6756415afcbf6f813c7.jpg 362,190,620,248,0
2593_104_1_jpeg.rf.64b43da0950a7d0ace584385924d078c.jpg
389_104_0_jpg.rf.74a253301ca6c13d5606b8ec4b4b0d6a.jpg 60,186,150,250,0
2215_104_0_jpg.rf.9b2bb7c9d28c66e752053d00759e1a9e.jpg 34,196,94,255,0
3432_104_0_jpg.rf.3e287b726a6236769425a6a5ce773e26.jpg 114,183,309,245,0
3550_104_0_jpg.rf.8f17ab8a3b1bec38f855b35dda05cb4f.jpg 53,191,138,256,0
2459_104_1_jpg.rf.f3a445c0b3fe6d12b2d663ac7ec271e0.jpg 165,183,374,249,0
2213_104_0_jpg.rf.799625119137d929b5f9aa9a6edc7aab.jpg 182,191,398,259,0
6774_104_0_jpg.rf.879058c7812ee6368dcd9f582a46a4a9.jpg 56,196,165,264,0
5455_104_1_jpg.rf.e9b36b66853bc14c4d87eb7974ad20c3.jpg 200,188,412,252,0
3661_104_1_jpeg.rf.fdd7b436c0f03c28534a0378b8a3d38d.jpg
6823_104_0_jpg.rf.835842edd869b8a29e99eef3d7599e22.jpg 27,204,116,271,0
3271_104_1_jpg.rf.89262bbc44b49e8f3ba2464d7760f15c.jpg 223,175,439,238,0
6171_104_1_jpeg.rf.90a40327e924b94908dc8bda99808ddf.jpg 77,161,223,224,0
6825_104_1_jpg.rf.076b62809b15f0a2b8498afe92aa398e.jpg 198,184,424,249,0
6270_104_0_jpg.rf.a9dcee14edd826d1cc595775447022ad.jpg 196,178,425,241,0
3467_104_0_jpg.rf.aaab8f4705a100eaa1c245bddf57759b.jpg 35,203,105,263,0
6767_104_0_jpg.rf.d0226563dede47009534e0bc24d59be7.jpg 255,192,490,252,0
6426_104_0_jpg.rf.d34d716b1af02ddffc2d7fd08f94de01.jpg 240,227,462,287,0
149_104_0_jpg.rf.433a1e580786226efe1a0295c6b0183c.jpg 66,194,215,265,0
8181_104_1_jpeg.rf.f8c731e70e25ba699787073774d41fa3.jpg 124,181,352,248,0
2484_104_0_jpg.rf.8c76b1e754034dafa52b43a2ad508838.jpg 99,191,282,255,0
2231_104_1_jpg.rf.bdcabdc8e758821e03a02f6fd4e746fa.jpg 158,190,368,258,0
3199_104_1_jpg.rf.eada1efe9451db26ed4e6011a12d4755.jpg 102,181,298,242,0
6770_104_1_jpg.rf.9baf759ee18dfa33e77702eed2ceee6a.jpg 129,177,328,241,0
8162_104_1_jpg.rf.dbdd263038a911c0431d178de225138b.jpg 181,201,418,267,0
6821_104_0_jpg.rf.fc3d23539c31d1bc8bc614ca931b2583.jpg 293,239,537,297,0
8149_104_1_jpg.rf.1eba307b0e5032e09951978a95e8a4cd.jpg 283,209,516,270,0
9543_104_1_jpg.rf.c1f3acd41a05169a34d853210d0d2181.jpg 64,168,202,234,0
2745_104_0_jpg.rf.d96357e769b699be3f47687eee0d51af.jpg 22,203,85,263,0
6482_104_0_jpg.rf.db8f1f8f7c506b3647d2aa8ca4538aec.jpg 81,173,206,244,0
9673_104_1_jpg.rf.e274af531e9ecc338120b458852d7250.jpg 191,193,400,250,0
2478_104_1_jpg.rf.c2954bea356e61564ade087fdb7f3fe1.jpg 98,168,267,235,0
6469_104_0_jpg.rf.9f346fcddeef6cb8ac240ba8b3269cf0.jpg 31,213,116,279,0
2480_104_0_jpg.rf.4ce0015df3828bde57ad8f7c3d55f05a.jpg 248,190,488,256,0
2592_104_0_jpg.rf.4ffbf2493d25dd8624e723f0d53df0a5.jpg 59,186,173,251,0
2728_104_0_jpg.rf.7d34d6294e5a3441de22f8ae510f1637.jpg 37,201,101,261,0
6368_104_0_jpg.rf.26e113de281e64da37219599d5643d64.jpg 268,198,482,260,0
2657_104_1_jpg.rf.f658046887f26236347f0408a517238b.jpg 88,180,253,242,0
6158_104_0_jpg.rf.80736be34fdf925c99a498632f26a758.jpg 64,184,146,246,0
3514_104_1_jpg.rf.0ca33ec54b356289d7e8934a8109ca6a.jpg 277,198,488,257,0
3548_104_1_jpg.rf.6572aa39314dcc8b60ac0738306a6256.jpg 267,190,490,249,0
6073_104_1_jpg.rf.b0bd8a578da92caafa88ba42b859d396.jpg 200,188,431,254,0
167_104_0_jpg.rf.0132bc81442703909d2e7aab658a155e.jpg 54,189,130,253,0
6099_104_1_jpg.rf.46688ab53f2ec37e3c6ac12b649a6d5e.jpg 298,224,527,283,0
6256_104_0_jpg.rf.39f7a41fd695a369b910994c3d221f3f.jpg 60,229,184,293,0
6108_104_0_jpg.rf.a153f18780e1ba294a0671eb21b340da.jpg 34,229,125,293,0
6159_104_0_jpg.rf.e56210a64600f8a09f6b7bbb19b3044f.jpg 120,173,280,234,0
2753_104_0_jpg.rf.650228623f061090edca478b49138a82.jpg 45,188,152,255,0
6848_104_0_jpg.rf.c026162ae1f12275940e9783058b7ec0.jpg 95,202,269,276,0
6362_104_0_jpg.rf.0a13dd29fd9850f453704da656de5a10.jpg 90,172,213,235,0
6075_104_0_jpg.rf.8a37f3d611a04774544ee193c03a2b34.jpg 82,191,225,264,0
6411_104_1_jpg.rf.939d369ca64901696799bf9dcb75c457.jpg 176,187,379,250,0
2699_104_1_jpg.rf.e3188fa4dbfc3aa6835ca99cb462dab0.jpg 306,195,540,256,0
3200_104_0_jpg.rf.eed82edf6183a6bdff1a579e1842518c.jpg 45,196,136,262,0
2454_104_0_jpg.rf.b7a26fc72b78693934785749cff6b0e1.jpg 14,215,69,275,0
9636_104_0_jpg.rf.4a759fe933e079820fd3cf95bdfa3691.jpg 280,204,534,270,0
6452_104_0_jpg.rf.a017eae857fd0d03bdb08a10c266787a.jpg 267,198,504,256,0
148_104_0_jpg.rf.b2647cab9990a79690ec8c503128279c.jpg 95,196,290,268,0
6451_104_1_jpg.rf.402167ab7bef06b3d6dd07a6fea61b02.jpg 151,189,380,252,0
6804_104_1_jpg.rf.e0088d27a71e976180d509200d013aa4.jpg 135,175,327,242,0
3531_104_1_jpg.rf.615f6e12f74f62b9f3c9de7b819c86ca.jpg 280,200,506,262,0
9518_104_0_jpg.rf.0e15ad4fed3931be6a38162d65817497.jpg 36,220,106,277,0
6337_104_0_jpg.rf.1f8ffa5089eb87c34f482a35d3a86eeb.jpg 86,171,211,233,0
4911_104_0_jpg.rf.6b0856f5d73169b0e8b273dbe3e1faf8.jpg 144,172,376,236,0
2225_104_0_jpg.rf.1500f710afb026ebb02efe6df7da816f.jpg 90,165,230,226,0
3481_104_0_jpg.rf.c1f19c764809b4c4e5996d900d4b84d4.jpg 33,206,90,264,0
6167_104_0_jpg.rf.c6b52ba5b84bc6a02af3ac92b78ab130.jpg 110,170,282,233,0
3278_104_0_jpg.rf.815e9c817d8e9ceb529801d683bd786b.jpg 48,177,132,242,0
6759_104_0_jpg.rf.2b7d0ff53408c08974217b165d050b79.jpg 2,215,83,279,0
2740_104_0_jpg.rf.ad94bef47056f2da1b28dffff40a48ff.jpg 126,196,210,260,0
6275_104_1_jpg.rf.b6ea93a7d7438fdc5b5bc584b9598d41.jpg 288,194,499,253,0
6234_104_1_jpg.rf.4234437ed5af6c605f2bc690b4877c5f.jpg 100,197,283,266,0
2914_104_0_jpg.rf.024ae9e3e7637e016a8a2052c4761c45.jpg 286,237,541,306,0
2465_104_0_jpg.rf.b369e30664b9097d905b854abb2971d6.jpg 36,212,107,277,0
9637_104_0_jpg.rf.5d34cf8f82b481630d8b7ab7b6148912.jpg 140,185,366,253,0
3529_104_0_jpg.rf.599aa1779078df47e3589614ef0b448d.jpg 65,196,188,264,0
6816_104_0_jpg.rf.01d034dd834e3fcf420a4d3a118e41f7.jpg 326,207,557,266,0
9643_104_0_jpg.rf.684fc87018962948faf02dec2f5102a5.jpg 62,181,160,244,0
2456_104_0_jpg.rf.b84b821aa1f4bacb97659afc4cb54489.jpg 87,171,269,244,0
392_104_1_jpg.rf.7759b6c3e2c9bcaf77f163196771d47e.jpg 232,192,451,258,0
3261_104_1_jpg.rf.5df976f3f765d95bc87d6de2535f2a25.jpg 139,196,327,264,0
6794_104_1_jpeg.rf.3c19421ec49df63f6e60a52bd6282937.jpg 113,180,293,252,0
6485_104_1_jpeg.rf.01301c6f6d2822a34bedc951a56b20b1.jpg 265,189,479,252,0
19_104_1_jpg.rf.0d3f40368a658931c73ed5e65af8ddf4.jpg 154,161,336,229,0
9517_104_0_jpg.rf.334780cd27194bd4a70f5763481ef3f2.jpg 64,199,196,262,0
6168_104_0_jpeg.rf.3a01efa15c38fcaedd12b5e15dbaea30.jpg 259,184,468,247,0
3283_104_0_jpg.rf.d053b41a30dc9f3a0dd41c6d3cef60ff.jpg 145,167,332,231,0
3473_104_1_jpg.rf.d6543b48bb355b722fd6c65bcf989c49.jpg 255,185,482,253,0
3472_104_0_jpg.rf.dc1d7a68b4c0c26564c664bb8152f4ce.jpg 66,178,166,240,0
9526_104_1_jpg.rf.020fc8f18a3e59e7a3b555c94e82bad1.jpg 195,172,382,242,0
3451_104_0_jpg.rf.ab337b2c9a8945dbf9c4db1581a0f38c.jpg 111,170,262,238,0
6498_104_1_jpg.rf.2c24c28d258e9a185bfeefb738e55fdc.jpg 212,191,428,249,0
6730_104_1_jpg.rf.7f3e725673dd36c62f6432ae43ca20d1.jpg 357,195,615,256,0
2656_104_0_jpg.rf.3a92aee5f782a29e18eb6994abdf9756.jpg 234,195,468,259,0
6849_104_0_jpg.rf.b7f1524835668566da6488c7c29c5168.jpg 128,200,354,272,0
2471_104_0_jpg.rf.c0e341f7f4e1f0ad6a5e83fcede2e6ea.jpg 102,171,266,235,0
113_104_0_jpg.rf.64f282b7edd7dfe91ba8f0cc7ee49407.jpg 68,178,199,245,0
5452_104_0_jpg.rf.d5b9b7581993ee5e3bced5f58e295dc2.jpg 70,181,198,243,0
2722_104_0_jpg.rf.605f280db766a8db9eff6f931a59830a.jpg 134,180,326,248,0
3463_104_1_jpg.rf.77449283ccdf9e1c4efbcd502a95f001.jpg 285,190,513,252,0
3526_104_1_jpeg.rf.d938449f0b5fceff7cae167986c8e56e.jpg
6105_104_1_jpg.rf.4d265d6e57165bae18f5bd8ea63a77ef.jpg 218,207,453,269,0
2754_104_1_jpg.rf.7f7992ba66535bf876174a8a06da5ce9.jpg 304,198,544,263,0
6255_104_1_jpg.rf.9d716719c2ff790525271fbe42c87419.jpg 116,218,324,282,0
6785_104_0_jpg.rf.15cf6d3c3f0ad7ad3b2e05f6dcae6d61.jpg 97,185,272,255,0
6830_104_1_jpg.rf.2a52d9c321e202d5f508ca9a46340e0c.jpg 148,183,368,248,0
2461_104_0_jpg.rf.757c652e662a6c518e856a6d6c3484b9.jpg 49,188,138,252,0
6505_104_0_jpg.rf.308c9711c25559f74a952bf4b0ed2be0.jpg 50,178,165,245,0
6314_104_0_jpg.rf.f70f678be298b070b143129f3a6333f8.jpg 99,178,254,248,0
3476_104_0_jpg.rf.11579686229515d5f88dc00ab573154c.jpg 315,191,539,253,0
9668_104_1_jpg.rf.2f1b61d046ccf2ef6f2ea1bac62caaa4.jpg 108,176,270,235,0
3528_104_1_jpg.rf.5c978f3db6897eb7a910bfe53bb9a5c8.jpg 182,207,399,266,0
6446_104_1_jpeg.rf.636d054b5be3d05c4961f403cfe81841.jpg 113,188,291,257,0
6221_104_1_jpg.rf.c515bd0b4915f328d160a48e48deb6a2.jpg 118,185,309,250,0
6052_104_1_jpeg.rf.f6f5537edeb39178b92214828998c985.jpg 182,189,400,249,0
2652_104_0_jpg.rf.2a1890f3a00bc0339b8ae9785c11b576.jpg 63,179,192,253,0
3549_104_1_jpg.rf.2a7c2cc5336b7c8d0e713672e22d86f1.jpg 112,175,284,237,0
6813_104_0_jpg.rf.d59a1e12242327341a84d1d2c28e1f2b.jpg 52,211,154,278,0
152_104_1_jpg.rf.eba6c600559c380fbb840248861ba809.jpg 240,218,495,284,0
3195_104_0_jpg.rf.00918d766fdb6e359c6e28609d9b9cbb.jpg 273,187,514,252,0
6261_104_0_jpg.rf.50c3144c1c0bca72db76ff2ff59f2984.jpg 58,184,181,252,0
165_104_0_jpg.rf.722721e350e63785aeb566921d8bd751.jpg 118,176,281,242,0
6831_104_1_jpg.rf.72cb5afbdbf7d87a534d93bddc45c127.jpg 225,191,468,252,0
2455_104_1_jpg.rf.53c9c58e9cb815c01f714d914dd5f3a4.jpg 146,177,373,242,0
2698_104_0_jpg.rf.9aca338567d045fde91c7d256853f630.jpg 120,174,297,239,0
2223_104_0_jpg.rf.077c8d49852c4441e5800585d6e97173.jpg 327,182,548,244,0
6461_104_1_jpeg.rf.abab62a46bf8e2240fee0f37e13e2360.jpg 157,190,379,256,0
3417_104_1_jpg.rf.95b6e52ae272ecbbac7ddcc4f4e364cf.jpg 384,193,640,256,0
6371_104_0_jpg.rf.eeb97e9a8b1f9f9ba51911b8cac1b0c2.jpg 80,197,193,269,0
2460_104_0_jpg.rf.f907489d6e58409ce0d4763c34f00421.jpg 77,173,217,240,0
6235_104_0_jpg.rf.20fc6b3196cdfcd8c76a9fa3e2d8a820.jpg 58,214,164,280,0
8163_104_0_jpg.rf.b573848039b6985489044edea75f1f32.jpg 125,194,346,259,0
6240_104_1_jpg.rf.caf6dddbb4cb5e7d9b2a8aae57221244.jpg 220,194,451,257,0
9657_104_1_jpg.rf.b2a8ae3d5cbb35174e9d9d0de3d36da7.jpg 155,179,362,238,0
6327_104_0_jpg.rf.ecb1c68cd1a1e25fc6bb2d1fbcf50a9c.jpg 127,176,312,237,0
3263_104_1_jpg.rf.28a588dc647e37870a77d9a8d66372d3.jpg 132,169,356,232,0
6727_104_0_jpg.rf.1e966e4cc4a1650bbe8ae694b902057c.jpg 31,204,126,269,0
9642_104_0_jpg.rf.2a581da455b6286a722d1afe776387f2.jpg 138,176,324,239,0
2714_104_0_jpg.rf.374619350a98088ca22cc2213a1aa482.jpg 100,172,245,236,0
6186_104_1_jpg.rf.4bb31d74170755e0451cbcbf5c444923.jpg 215,185,430,247,0
6271_104_1_jpg.rf.688896c7420e9d5a174a2415d201efa6.jpg 117,173,307,242,0
6266_104_0_jpg.rf.85f0498d901e5e5d4cb5c9930c6281d5.jpg 84,187,228,255,0
6487_104_0_jpg.rf.3a1c1ae824c1d0f5c04f87c9fe17f19c.jpg 53,188,134,251,0
6176_104_1_jpg.rf.a125991d40685b659f366d79938f3208.jpg 184,209,406,270,0
6169_104_0_jpeg.rf.b2e405228c827185849f6f743b03c27e.jpg
6441_104_0_jpg.rf.ffed3b2abf7f95ccc8ae59870898919b.jpg 13,218,99,281,0
6756_104_0_jpg.rf.a1eae37b5978630bbc0a6a0de3037973.jpg 7,221,88,281,0
2683_104_0_jpg.rf.89907201a21f677a390d9dde3e6384fc.jpg 67,183,192,247,0
3193_104_1_jpg.rf.47fce3b161c96ca456e3d9dc62291f0b.jpg 139,171,350,233,0
6803_104_0_jpg.rf.aba9678d0e34fdce2a711c8cd5a03bb8.jpg 45,202,138,271,0
3251_104_0_jpg.rf.51fa0e76f680a0ecb998e1ecaf665a4f.jpg 41,187,115,250,0
6806_104_0_jpg.rf.130a311d57f0e2f780524d1fe3975fa7.jpg 335,197,582,253,0
3358_104_0_jpg.rf.cad43bfa1e2e8127eeddef014c40f0f4.jpg 19,213,71,268,0
6829_104_0_jpg.rf.05d42d7250ba6eeb2ba06db8dd48e53f.jpg 83,191,222,261,0
3543_104_0_jpg.rf.0820d207bd1d3f6c18a4a4ec0c1259ab.jpg 37,205,102,264,0
2598_104_0_jpg.rf.1f31f9bd303b96aeeeb6ad46c4875e01.jpg 137,182,365,246,0
2557_104_0_jpg.rf.5a55fa473be18e69b973883cd27c73c2.jpg 96,176,291,243,0
397_104_1_jpg.rf.c0bcb594b52c3cb32549e907f50cd4fe.jpg 98,182,271,247,0
9666_104_0_jpg.rf.f84f8e8090f11a8aa5f5ac216c9cec7c.jpg 16,220,76,276,0
6269_104_0_jpg.rf.3b7c567684be8f87a64715620922f05f.jpg 344,186,583,249,0
6316_104_0_jpg.rf.f4a92e4dd84e3dd6856f8dd3c463077f.jpg 336,189,563,246,0
3870_104_0_jpg.rf.e76d7c821cb3ed1752c705394edb9cc3.jpg 100,183,263,246,0
6175_104_0_jpg.rf.56963626031954d812e6fc1fe06d64cd.jpg 61,204,174,267,0
2697_104_0_jpg.rf.2a8012c7c978698c3d3dfc562d4939de.jpg 69,172,186,236,0
398_104_0_jpg.rf.44f364f312e33644830bba2b2ce3d551.jpg 58,185,178,252,0
2742_104_1_jpeg.rf.6b70c6b38b9b13d22899d1f33b1cbac6.jpg 88,174,232,235,0
6277_104_0_jpg.rf.c1fbac2e51c7dc83ff35df4ffc2cf3bb.jpg 82,194,209,260,0
6249_104_1_jpg.rf.e7d645a49d8b2918d9f80e93df6b1f8f.jpg 132,205,368,273,0
9515_104_0_jpeg.rf.685c27aec2b60b64c294b20685980232.jpg 279,212,526,274,0
3226_104_0_jpg.rf.ee80876548185b828f2c27c05786933c.jpg 244,189,485,251,0
2689_104_0_jpeg.rf.01aeda36a923690165b980f48d21fba0.jpg
3518_104_1_jpg.rf.d3fb2f1f40986fd897e06a0263645c62.jpg 220,180,426,243,0
95_104_0_jpg.rf.6d6cfb8713f1a4ca9f4bc53cd23ddf8e.jpg 204,194,404,258,0
2651_104_0_jpg.rf.c48d3f94d1a6264537af0c9b7cb758ff.jpg 77,175,245,244,0
137_104_0_jpg.rf.972985226e9630b8a7261c112fd52a72.jpg 74,179,228,248,0
2743_104_0_jpg.rf.405497df047fb6eab754d309ac42cb83.jpg 33,204,97,266,0
6054_104_0_jpg.rf.800e9b28f6fa6389e9050361261b7bad.jpg 80,195,208,261,0
6232_104_1_jpg.rf.a56319ad1eea0034d08801f126b2e28f.jpg 301,205,536,269,0
6180_104_0_jpeg.rf.7755ea250e6be5fa1c077b3ac9bc15bd.jpg 166,196,388,261,0
6067_104_0_jpg.rf.ca3a0a31e55d436458b08ba856d465b3.jpg 332,199,592,260,0
6242_104_0_jpg.rf.105f95d1a351904848d4e304bd2b5cb2.jpg 63,201,181,271,0
3262_104_0_jpg.rf.624b8fc681cc633e5522b2f1af290ef4.jpg 20,203,84,265,0
6805_104_1_jpg.rf.99fc5ee9938c425efe935122ae574e85.jpg 239,189,463,249,0
5457_104_0_jpg.rf.43dad72a0bc9144cffa43833189f5273.jpg 62,181,175,243,0
3356_104_0_jpg.rf.9db52513fd7ca5db2eacedda83fbe119.jpg 107,173,253,236,0
2919_104_0_jpg.rf.66f21fdeb7455f6a2614595b96ed8fea.jpg 91,207,275,268,0
6173_104_1_jpg.rf.33869824c9430574a5db81fdd12d9a10.jpg 341,178,593,245,0
6254_104_1_jpg.rf.345c99821fbf390a19e7b067956923d9.jpg 197,219,437,280,0
6372_104_0_jpg.rf.94a652d739da539f5e117fcb5d72c856.jpg 14,215,91,281,0
2226_104_0_jpg.rf.fa3cf83f3b640e89b425123d53cd0109.jpg 51,180,130,245,0
5454_104_1_jpg.rf.218be4c8df86680322b6fa2ab63d9317.jpg 407,200,640,265,0
2218_104_0_jpg.rf.8587fa03574059cd8e2761ef24d85f8a.jpg 305,179,518,243,0
6333_104_0_jpg.rf.2b45bd6aad76964f835210217ce28926.jpg 85,166,222,228,0
6462_104_0_jpg.rf.89a2c80a379f0f0b7292360c50885c67.jpg 302,204,545,259,0
3430_104_1_jpg.rf.a938cdfa3cd8126a1a64a6d948055b59.jpg 342,194,576,255,0
6074_104_0_jpg.rf.f9012837cea7a1cb31cf757869d1266d.jpg 122,186,319,253,0
6839_104_0_jpg.rf.d7c2d3a7e5c24b8010de6d14d13ebdb8.jpg 119,181,305,248,0
3258_104_0_jpg.rf.a1b5fff4dfd1a477c7401725efa1c40a.jpg 115,184,326,249,0
2746_104_0_jpg.rf.ad71cd02a37f424a08c74f4ebefc793b.jpg 139,173,359,244,0
387_104_0_jpg.rf.7044ea2e1da4b16fe797559313087f2d.jpg 127,183,302,246,0
6799_104_0_jpg.rf.ba4f71936af0d7eaab0894222ea51357.jpg 112,175,275,241,0
3255_104_0_jpg.rf.4f5bb07d757c4ff1e75c9aa7f4e762d0.jpg 90,185,253,249,0
2238_104_0_jpg.rf.5ea252cbf8e29bf554921a59bcf4e02b.jpg 97,162,282,231,0
3427_104_0_jpeg.rf.ca9e3f9ea38b16ceebe77a72b6691477.jpg 277,188,511,248,0
6781_104_1_jpg.rf.2b9012c64d2acc324486e403460f7de1.jpg 246,194,463,255,0
6430_104_1_jpg.rf.aed7897baaddf140cfbd133a7df35418.jpg 108,189,310,257,0
3411_104_0_jpg.rf.096c1167e9b1230fe9531688ea32fc0f.jpg 40,207,99,265,0
2228_104_1_jpg.rf.6c01b1e2ae32a016426eea5a6560c514.jpg 162,160,328,227,0
6502_104_0_jpg.rf.7a9decbeb3ad859d571720abb7192409.jpg 31,202,97,266,0
3284_104_0_jpg.rf.b8b876a365ed7df5117e5ee77413c13d.jpg 279,179,493,243,0
3440_104_0_jpg.rf.d351ffaa5d74414c6049a25e4562bb10.jpg 133,172,297,236,0
6369_104_0_jpg.rf.41fbf3760a8f4b65b16003c98b1b70f8.jpg 144,187,333,257,0
6046_104_0_jpg.rf.80a542c6227e016aee5e486c7b7fce8f.jpg 104,189,266,266,0
2593_104_0_jpg.rf.cae344754b0cd1732d3c22a18a0e359e.jpg 105,182,288,244,0
2475_104_0_jpg.rf.46271e7c9537fb03ea19329ea4e86ca8.jpg 47,192,127,254,0
6203_104_0_jpeg.rf.ef4ae9d241a91a1275695bc55c0e58f7.jpg 134,176,326,235,0
3282_104_0_jpg.rf.a14b8497a177b67f8c126e434c7680bb.jpg 97,164,233,226,0
6516_104_0_jpeg.rf.f2d492836263bea27155ef5641509430.jpg 101,173,240,238,0
2913_104_0_jpg.rf.98984b6d21545fd247609978bdf72b52.jpg 138,231,384,296,0
388_104_0_jpg.rf.e42975f2ffbcd4d5aabd9322aadded1f.jpg 93,175,226,242,0
27_104_0_jpg.rf.1636dbd6bed2756e4df421385013ff79.jpg 101,163,264,225,0
6410_104_1_jpg.rf.e98fb67de567d8be055ff45a9141d551.jpg 117,184,276,253,0
2481_104_1_jpg.rf.626a9b26c8e15c1dcd2b8218cecc4789.jpg 81,175,240,240,0
4913_104_0_jpg.rf.5d0b7feb8f7ecc91e9562151e35ddd5f.jpg 72,171,228,244,0
8171_104_0_jpg.rf.92436208d9f5e2d6e089eda3af88c042.jpg 78,199,218,267,0
6420_104_0_jpg.rf.a5698790382fbf78da3d7369cd127a81.jpg 76,212,217,279,0
6160_104_1_jpg.rf.a3f9b3ec2cade53dcea009b4d7ec8cec.jpg 324,191,557,249,0
6228_104_0_jpg.rf.c9234f9e50d3b7338454ea5ad82a91d4.jpg 75,171,267,240,0
6192_104_0_jpg.rf.64e87e143e93aa95313a0a2e72039856.jpg 111,186,285,249,0
6495_104_0_jpeg.rf.ee9a4830e79cd3adcbca3740bdf12d6e.jpg 124,182,330,243,0
2700_104_0_jpg.rf.0ad1cee937d05c0c2db3fcb8dd922e2c.jpg 16,226,70,286,0
6465_104_0_jpg.rf.35a7e5fdf0e1824c35ef2dcc7f2b2aa0.jpg 117,189,285,256,0
9650_104_0_jpg.rf.917ccf1ec29b6eadbca6b45d2fe6150f.jpg 59,187,173,251,0
9647_104_0_jpg.rf.061f1205d6be6116cf393d61680a545f.jpg 38,200,99,261,0
2650_104_0_jpg.rf.3abf3652a95de5219ecefa700e0844e5.jpg 125,183,351,251,0
102_104_0_jpg.rf.4b1157c2d9cd7ae63ab594aecb3595d4.jpg 89,173,237,242,0
2726_104_0_jpg.rf.c6383207f5f9dbfa13bec7378316a9f9.jpg 280,190,535,252,0
6078_104_1_jpg.rf.ffcd0549653efdabba1a4f402044a16a.jpg 248,195,480,254,0
3477_104_0_jpg.rf.0bbdd9f604654c7a3d7ac3bdd76021eb.jpg 126,178,297,238,0
6501_104_1_jpg.rf.c79bc7f6b9d2e31951c9eefe73e28d97.jpg 82,171,251,235,0
6110_104_1_jpg.rf.8e026b6fa1bb9650b9296f452f24d9a8.jpg 374,217,633,274,0
2228_104_0_jpeg.rf.28d07f0c19f97a2b244e9a72c652889b.jpg
6251_104_0_jpg.rf.27a875e3861d8c7ca1a5b768b0053b69.jpg 0,237,82,298,0
6198_104_1_jpg.rf.bf9a88db4cab9c17ebd51fd591941375.jpg 238,168,486,235,0
3458_104_0_jpg.rf.d9ec83658d6bfd0b56101448737c333f.jpg 47,193,126,256,0
3670_104_0_jpg.rf.6d559990a15dba34aabb64930536da98.jpg 175,163,403,232,0
3210_104_1_jpg.rf.e27ec88ed4ea305623c3d2edcb52c517.jpg 222,184,422,247,0
2239_104_1_jpg.rf.f80facc4ae12de17ebafe96e65744fee.jpg 300,185,552,252,0
6432_104_1_jpg.rf.36323fba5f9283debe811b691044d953.jpg 378,207,640,265,0
3421_104_0_jpg.rf.b3f565994c6d8d18f5e5e04c10029e68.jpg 98,168,252,232,0
3869_104_0_jpg.rf.2c2f77dc5e4de4d4ad4674508957cff7.jpg 69,182,191,246,0
2705_104_1_jpg.rf.95fc03f9047873e96bfc621e682a1202.jpg 88,196,250,257,0
6741_104_1_jpg.rf.a469721968dfc4f0f81208c0da69fc57.jpg 129,183,323,245,0
3660_104_1_jpeg.rf.669bf7758eae3cdda196ae1b3f442a67.jpg
9498_104_0_jpg.rf.9e1771e8283354fad58b145de4041012.jpg 408,223,640,283,0
6200_104_0_jpg.rf.b61e290b73b86d6d9338912b48261de0.jpg 115,157,275,220,0
6178_104_0_jpg.rf.e1844ac0d9399f65cc3cad0b38d2c49e.jpg 9,227,66,283,0
393_104_0_jpg.rf.524fec5b37518ffb1afa9b9d5aae024d.jpg 90,173,237,238,0
8165_104_0_jpg.rf.6f271c163a33c26156332b6625d3f6ae.jpg 58,202,178,270,0
6088_104_1_jpg.rf.301b50f50f2b11a412051f4852480982.jpg 137,185,380,253,0
6843_104_0_jpg.rf.ae52ee5b4d9c0b2077e26ecb2fd3a05e.jpg 79,196,176,261,0
6336_104_1_jpg.rf.3fcb92304e0284b81e158c4cefe47efa.jpg 154,181,343,239,0
6983_104_0_jpg.rf.48f6d3edc249a1bdca5620f605f0627d.jpg 173,174,392,235,0
101_104_0_jpg.rf.5c259aba9c38c87200d23f035dbeb926.jpg 135,182,345,249,0
3526_104_0_jpg.rf.1fecee0da8aeb73873d36e5fc222e971.jpg 58,205,154,264,0
5411_104_0_jpeg.rf.cd00c66d5c2b0e688093ca54c4a0aad4.jpg
2688_104_0_jpg.rf.60034876da6220d6170826665db4b6c7.jpg 48,182,150,246,0
9662_104_0_jpg.rf.606fd93b9220882ba2049158c9fdebb9.jpg 22,218,84,271,0
6450_104_0_jpg.rf.d5196d63870e4233f96cf432fdf9debc.jpg 101,190,273,258,0
3461_104_0_jpg.rf.2fc2e84dd6e8877a2445808c523a8715.jpg 39,202,106,265,0
2240_104_1_jpg.rf.7a484e8da78cf759461bd421169feb0e.jpg 107,165,297,230,0
3535_104_1_jpg.rf.2c887e1036ec2fa84976a672c252abf7.jpg 331,223,592,287,0
6106_104_1_jpg.rf.5034c0b845c8b915965d7378ebc22595.jpg 115,195,329,265,0
2470_104_1_jpg.rf.31b4a68f9e692495e437cea5bc27b7bc.jpg 154,178,368,240,0
3424_104_1_jpg.rf.ef9f4cf2426c80511bc78d117d217939.jpg 380,193,622,254,0
9649_104_0_jpg.rf.9303c042467119deae8388692c0ca6de.jpg 161,190,368,249,0
3213_104_0_jpg.rf.3be66aaad476b8dc5e3091a61e844c92.jpg 108,171,282,233,0
107_104_0_jpg.rf.4ac18cd48544c9b12ca2a9e04e9830cc.jpg 82,178,236,249,0
3468_104_0_jpg.rf.c4c5178fb9c3da821e6c60a2166c5b61.jpg 247,177,469,242,0
5450_104_0_jpg.rf.7d07b338ab5cfa8915ab8b9b827d0e35.jpg 170,192,375,256,0
401_104_0_jpg.rf.a6e9990a0cf3fcb817dc2937e141769a.jpg 215,193,451,260,0
6736_104_1_jpg.rf.415a243f1fdb1b2c320dc763a5b22efd.jpg 133,203,289,269,0
5446_104_0_jpg.rf.128bad4840b8ced8ef8819c2c6fcf020.jpg 189,181,323,243,0
163_104_0_jpeg.rf.a343cb85e0e21b550a04e445bc5e55d3.jpg
2723_104_0_jpg.rf.0f88abc4bab8b21796028fb27a9f8479.jpg 94,176,230,244,0
3438_104_0_jpg.rf.6a6c3829d695eda5aa865e5e063088dd.jpg 22,210,79,271,0
6513_104_0_jpg.rf.8c7b28f2b29e92aa2f6ff04fa9628b17.jpg 179,201,386,264,0
2474_104_1_jpg.rf.c3340398b50d99f80f478e914e718a00.jpg 156,173,379,238,0
6259_104_0_jpg.rf.f7ecce9916172864bec29440100ac957.jpg 224,181,465,245,0
9645_104_1_jpg.rf.2aa2134dc79484e13a17e41f20c03226.jpg 145,172,353,234,0
2721_104_0_jpg.rf.a68908ee05fb8d2bc7667790a38ef0a0.jpg 296,194,517,261,0
6237_104_1_jpg.rf.e6e24255860d052bb5925a2260055192.jpg 177,201,405,269,0
6102_104_0_jpg.rf.1f11911cf50d2c4cdbf4560114d77730.jpg 65,228,192,294,0
6094_104_1_jpg.rf.0a52c6856bd850a33e2a15f10b7fa22c.jpg 98,191,294,261,0
6429_104_0_jpg.rf.ef027d9781ef105bf8e37c4e0b80716a.jpg 48,209,155,278,0
3480_104_0_jpg.rf.33e36163abb0a3e17beff8998463f60a.jpg 100,169,241,232,0
394_104_0_jpg.rf.7fa831920d34547c022d4b97e01c2510.jpg 52,183,148,247,0
6311_104_1_jpg.rf.3458ba878715f11bc1e6030885479b07.jpg 164,187,363,250,0
3626_104_0_jpeg.rf.6699b5e80c087daeac7ba36b57942331.jpg
3661_104_0_jpg.rf.8bd5bde6a875b5584e49944a05a5e996.jpg 181,172,399,236,0
2912_104_0_jpg.rf.0cd784b723e8638014c9bb9dccc2bffb.jpg 103,226,295,295,0
2684_104_1_jpg.rf.0f2e1129bfbe057c0a756771ca62d0d7.jpg 201,192,420,255,0
6826_104_0_jpg.rf.cad8e6c0a15256c597c75e8fe5548f93.jpg 328,193,580,251,0
6220_104_1_jpg.rf.12834db5fdf31a4428f1653d074f0aa6.jpg 274,194,493,252,0
6113_104_0_jpg.rf.31cd35ff1d191b8b4cef0e842e7b1dc1.jpg 86,207,243,277,0
146_104_1_jpg.rf.9888d4beb7ad3372f61323399b485e3a.jpg 261,215,523,287,0
6239_104_0_jpg.rf.b9f62af2e310fddc053b32314264f14d.jpg 40,218,130,287,0
3220_104_0_jpg.rf.3c2db765225f9621eba73ad5d4d2bad8.jpg 59,179,167,245,0
6504_104_0_jpg.rf.b16a8ad95ba7765994d7a00f803b43b2.jpg 110,184,316,243,0
166_104_0_jpg.rf.305b6513a0a4e5b1210683d165f4e174.jpg 83,174,205,242,0
32_104_0_jpg.rf.613017e76d5633632c84f26a4da1b273.jpg 88,164,247,228,0
6253_104_1_jpg.rf.ed0076cf682adf5f6aa09380e9a0a702.jpg 335,224,600,283,0
6509_104_0_jpg.rf.2b52d053d3460671323980b0b3cddd00.jpg 49,216,131,276,0
6740_104_0_jpg.rf.c64b19dfd0fb290d9ab1a7d4fb25af44.jpg 73,195,196,261,0
6762_104_1_jpg.rf.af4b0cefbcd8642c7a6e3ca7d67d53d0.jpg 268,191,501,253,0
3538_104_1_jpg.rf.ad86cb72f0cb87ed763fe9fa845ba64e.jpg 256,222,495,284,0
2693_104_0_jpg.rf.987f405f40ebc9cf3cc7dd953bfb4284.jpg 113,180,317,243,0
4912_104_0_jpg.rf.26e472fa88339f96ac0e97f55d5f6faf.jpg 107,174,308,241,0
144_104_0_jpg.rf.5ebe4810b86f09909599372a462cb725.jpg 51,206,144,278,0
6791_104_1_jpg.rf.1f294391caf178d5e35df166da71c23f.jpg 294,187,534,246,0
2744_104_1_jpg.rf.1fe820fd5147c2e33d264dc1476d6f2b.jpg 93,168,253,230,0
110_104_1_jpg.rf.50c539db86b33a777c832fb98a7f658a.jpg 289,197,534,267,0
126_104_0_jpg.rf.a182c5d7033bea9355a3e2189a807b57.jpg 206,184,451,255,0
6786_104_0_jpg.rf.d464e1babffe0244ec2849815cc7b543.jpg 174,189,417,251,0
3266_104_0_jpg.rf.3ca5b3fd0ab9f078712a688a7d370183.jpg 178,168,399,231,0
3439_104_0_jpg.rf.e97489928a87cc662fab8d818a364b04.jpg 86,174,198,241,0
5459_104_0_jpeg.rf.2740f4abf98a2f5b0bb572bfa66eea4e.jpg
6747_104_0_jpg.rf.b438757dcc60bb74c6c640d373f95518.jpg 325,199,590,258,0
6517_104_0_jpg.rf.b48b9220d4c4208592ed9df7185b146c.jpg 45,197,111,259,0
3189_104_0_jpg.rf.d00c8822380add8f280cce4b5e8a2e08.jpg 133,177,305,242,0
9652_104_1_jpg.rf.2b876b60579d94afbb7d2b1de98f528c.jpg 88,176,236,237,0
3260_104_0_jpg.rf.24c6a310595982d83d5f03ba0d7c616b.jpg 34,220,89,287,0
6070_104_0_jpg.rf.28b12195f50e0b6282c093ed328513a0.jpg 70,198,197,265,0
2555_104_0_jpg.rf.de7322a0874f9832c34fda4e837f9dd3.jpg 341,205,610,268,0
6993_104_0_jpg.rf.f64622536d2e4c9bc4a2de7f3706dcc0.jpg 228,174,436,233,0
34_104_1_jpg.rf.a7b400c1be6fd665573d94a990561f72.jpg 353,174,640,239,0
3669_104_0_jpg.rf.449c19df6d084036c1246536730f8ff9.jpg 95,161,264,222,0
6321_104_0_jpg.rf.cc786be987832df5b42208f351fb5ad0.jpg 175,189,386,251,0
6370_104_0_jpg.rf.214d1b4a74f980a946c2bbc3bbe88192.jpg 102,192,247,266,0
2710_104_0_jpg.rf.98463debf826778f81912fa831cdeb18.jpg 239,191,458,252,0
3252_104_0_jpg.rf.8bcb9c2c64defb042870a4f51dccf374.jpg 96,159,255,221,0
2716_104_0_jpg.rf.1d2071b6e89ce2200c215bb57e4c290e.jpg 335,196,558,261,0
3479_104_1_jpg.rf.81be9fc42d21004a21ed53ee444cca78.jpg 229,182,428,242,0
6068_104_0_jpg.rf.1e5a97241b1e67cd5013931ccbd3f109.jpg 174,190,412,253,0
21_104_0_jpg.rf.470fdf3da1b2504efbe4aa11ae370dea.jpg 246,171,441,239,0
6841_104_1_jpg.rf.c12c61e4dd0a04d9a37010ba871867d3.jpg 352,200,631,255,0
6481_104_0_jpg.rf.362e56ed626b4ec6422854dc7af3300b.jpg 121,180,299,242,0
2734_104_0_jpg.rf.f6eca12ecbbc747e9e8b4badea00a25e.jpg 43,197,117,259,0
6190_104_0_jpg.rf.499b024c2d3df5ac4b062d92c4971929.jpg 24,217,77,275,0
3268_104_1_jpg.rf.b0cf933e06c26304c5a47ec555243ea3.jpg 102,156,275,219,0
2701_104_0_jpg.rf.7915c6dcfda85bda1e23b360b333b300.jpg 173,189,281,253,0
6179_104_0_jpg.rf.a27a22f5374ec238202f14e51482ff53.jpg 60,197,181,266,0
3680_104_0_jpg.rf.3ef0423a4a8fdd25a7538e5057aeb7be.jpg 286,180,493,240,0
3547_104_0_jpg.rf.aaddd17eac667b6ea80b2f757a2c66cb.jpg 46,196,126,258,0
2749_104_1_jpg.rf.d1dc66baf0ce0f227b8cdb04f2a1eead.jpg 81,173,244,238,0
6745_104_0_jpg.rf.f2e11ba368ef26b961d610e736e1fced.jpg 81,192,230,260,0
3224_104_0_jpg.rf.3de62ba78c3f238b90d680f4eecb7006.jpg 58,192,142,252,0
6840_104_1_jpg.rf.1460e62dbdd69753cdbb1905daf8f3f5.jpg 176,186,406,248,0
6409_104_0_jpg.rf.99687e365fb232ad5a6c4e5a0d7df40a.jpg 68,198,176,267,0
6466_104_0_jpg.rf.de20ac0f77af027b6014b3ba542f54d1.jpg 163,188,371,250,0
6111_104_1_jpg.rf.6a01366294e2e57987c63adfac38e35c.jpg 227,208,455,272,0
6193_104_1_jpg.rf.bcc784cfff406694ab1a46d4d8c49e82.jpg 261,200,487,262,0
6787_104_0_jpg.rf.e983ef9f85cf542e3ef4c08bd17dc35e.jpg 340,197,588,257,0
3522_104_0_jpg.rf.0a0b11da3fc500d5385e60e04acbff11.jpg 47,175,157,242,0
6796_104_0_jpeg.rf.21922b2d61928ae221734de2538cb54a.jpg 311,197,552,256,0
3219_104_0_jpg.rf.2db8fd676be09163d067014fa0e95d49.jpg 107,178,298,241,0
3276_104_0_jpg.rf.09ef499c65428ac02dd3b20713d82d6e.jpg 109,166,285,229,0
6222_104_0_jpg.rf.14e1ee61ede7ad3fb708d1e455e2a383.jpg 65,191,188,262,0
6069_104_0_jpg.rf.8b37d1293d6a85ede03d61978ce25bfd.jpg 109,188,286,256,0
6312_104_1_jpg.rf.bf72757f5c6044523dbc3c72fab818d7.jpg 330,200,558,258,0
6486_104_0_jpg.rf.dc921fad032a75d144c0f27fc4677ea3.jpg 121,174,292,234,0
2729_104_1_jpg.rf.e4fb0fb44516ca6836b9a85c89434622.jpg 115,180,337,247,0
6057_104_1_jpg.rf.f0b0764f0568686045d9a207913f2b3a.jpg 200,191,433,254,0
2758_104_0_jpeg.rf.47b4370a6e4982b67fba2155a1e88d2b.jpg
3471_104_0_jpg.rf.533206cbcce7f5a3dcf84e27d279693c.jpg 129,175,298,235,0
6729_104_0_jpg.rf.94a64666afaf96d6942fdfd1350a2384.jpg 255,189,492,249,0
6166_104_0_jpg.rf.fa01a6f1012b8cdb4fc76f65c655a667.jpg 56,174,152,240,0
2686_104_0_jpg.rf.572a2745f4230ccec5cfa9781746f2fa.jpg 63,181,205,244,0
6051_104_1_jpg.rf.d12f47a029abb1810a3c695e6fd5225b.jpg 315,197,543,259,0
6072_104_1_jpg.rf.4b01e5dca4d30707519c7a03b5dccc9b.jpg 331,199,595,259,0
2467_104_1_jpg.rf.a902194f5cbbfad329656790ecee4555.jpg 320,193,467,255,0
3452_104_0_jpg.rf.ff4df4e783d1136750b877099eb6b5e6.jpg 66,184,155,251,0
2210_104_0_jpg.rf.8705af13db7bce9a319103e14fcc0a75.jpg 56,175,154,243,0
9527_104_0_jpg.rf.c36a5b85376cce706d36a06769b99ca3.jpg 109,164,249,227,0
2472_104_0_jpg.rf.ed035feebf0d6a0915e587fca6f63985.jpg 70,177,183,241,0
2709_104_1_jpg.rf.1238aaf3a8c1f97e41372910150a7a3e.jpg 97,174,267,239,0
6112_104_1_jpg.rf.ca0e8f2446a00a339992b39531242b97.jpg 116,204,316,273,0
6435_104_0_jpg.rf.2ff76b955ed443a5aae8523d87db8e7c.jpg 250,195,496,255,0
6460_104_0_jpg.rf.f088555a8a4e8410253e06fe586a3864.jpg 108,189,281,257,0
3355_104_0_jpg.rf.0b619d8a97415f2b3640b4ea74f56d80.jpg 180,181,371,244,0
6234_104_0_jpeg.rf.01a8161c88928ab1a211033455600e4f.jpg
6470_104_0_jpg.rf.5afeaa6dc1656dd29a7890bdb2c2614b.jpg 125,187,302,259,0
6258_104_1_jpg.rf.af41ae16690fafdcb58bed1bb6d7c627.jpg 354,188,636,251,0
2712_104_0_jpg.rf.2f0f2522d49aad8690a97b4a4bd052ff.jpg 55,179,170,251,0
6326_104_0_jpg.rf.c92f8750f1c69dacec72ded58cbc372b.jpg 261,187,472,248,0
6095_104_0_jpg.rf.2b51feaae16fc02c1e8b6eaf07753097.jpg 63,195,209,267,0
3459_104_1_jpg.rf.dce151095c9686f381f4250f8e1c64b8.jpg 309,198,574,263,0
3418_104_0_jpg.rf.117f255d2f83c2c70c32665c2a0e4add.jpg 40,206,110,265,0
3416_104_0_jpg.rf.2c430150510e6e9305f68e1da973e585.jpg 128,179,332,243,0
6511_104_0_jpg.rf.4975eaef89ab3e1186f5c3024f8d57ac.jpg 62,194,186,259,0
6490_104_0_jpg.rf.fcc4a899bd82ff458bd9851e3f6ee3c8.jpg 9,214,68,274,0
2559_104_0_jpg.rf.a326b02a406df82757f8fae2f2b22462.jpg 51,190,149,256,0
5451_104_0_jpg.rf.5546628d3378fab87aa9b6cb9e78de87.jpg 100,182,275,245,0
9516_104_1_jpg.rf.35621223fc2dbbe2ab92d9ba3578daa9.jpg 126,197,343,261,0
9533_104_0_jpg.rf.bb1a18c6fef69e88a4cdc967b1385ada.jpg 79,183,209,246,0
6332_104_0_jpg.rf.ff426af9139c9fd6b75c1ec2ff083905.jpg 187,174,400,231,0
3434_104_0_jpg.rf.07ff443acd7e602a1d625619387c7d3c.jpg 83,171,226,235,0
6202_104_0_jpg.rf.723d3aa7c562ae9aa5d8303809f294f8.jpg 62,175,164,240,0
125_104_1_jpg.rf.e825bad0127f696558db77de4db9ca92.jpg 343,191,640,257,0
6233_104_1_jpg.rf.3fdbe292e6c5255ab5bb314abe6d4504.jpg 140,201,357,267,0
6779_104_0_jpg.rf.6f41bbacdbf45455a028511ddbbcfdcb.jpg 88,195,209,262,0
2708_104_0_jpg.rf.014f110fc1454527716dc67f5ca33459.jpg 54,179,163,246,0
2691_104_1_jpg.rf.31ae73245617585ce135fd6777a15a9e.jpg 121,194,325,260,0
6471_104_0_jpg.rf.e2f490532709ef016a7bdd1a985c465c.jpg 176,190,391,257,0
6363_104_0_jpg.rf.4a1c2f3eb17e0eace05d8f7a7b03dfd7.jpg 120,173,277,236,0
3682_104_0_jpg.rf.a52bec1b6be8a2d0de8c34784cd8c45c.jpg 377,183,598,247,0
6844_104_1_jpeg.rf.b58bdec0e7855fa7fa0522ff1860d178.jpg 142,182,312,248,0
2562_104_1_jpg.rf.0f999035306202d6abffef2381b9cd13.jpg 92,177,257,242,0
6167_104_1_jpeg.rf.28dc08c5901435470f511a7255e2970b.jpg
3412_104_0_jpg.rf.610cfd18c250447db52093a2e0ac5c20.jpg 96,176,229,237,0
6083_104_1_jpg.rf.754a23e89f2c3c4d441618d466a78992.jpg 148,187,369,254,0
20_104_1_jpg.rf.a56255359d991d6022fad38d40071da5.jpg 232,172,426,241,0
5445_104_0_jpg.rf.55ce5a05b410599feeb8e2097c200d9e.jpg 292,181,452,248,0
3191_104_0_jpg.rf.2ced9302f865da7d5484c627e4373bbf.jpg 39,201,102,266,0
6059_104_0_jpg.rf.7310b32a04186b9f2bc04c381eafadd3.jpg 101,192,271,260,0
3478_104_0_jpg.rf.6217bf1715f19fe9870c03f4993a9639.jpg 33,210,91,267,0
2752_104_0_jpg.rf.4b5b30af3350d14167d7c15944b6deba.jpg 94,177,289,242,0
2658_104_0_jpg.rf.4d5eefcbaf488b78f71d671fab49cebc.jpg 43,195,134,259,0
100_104_1_jpg.rf.65409c8c54cc43b745dd1e38d9f57f79.jpg 244,190,474,259,0
4910_104_0_jpg.rf.b4e0bd45def8dcbf426492edac9c6821.jpg 218,177,465,239,0
6172_104_1_jpg.rf.28f557e50ea419e2a9564ae54d96b4d2.jpg 165,170,381,231,0
6227_104_1_jpg.rf.4d4c7b81c1b7f1360282dd1a19002521.jpg 160,174,413,240,0
3437_104_0_jpg.rf.171c09d531dcc2ef1445b1ac528709af.jpg 72,164,207,226,0
6229_104_0_jpg.rf.1d33e302d1a5600534019d5af9e3a5a3.jpg 44,187,153,257,0
154_104_0_jpg.rf.1eaacb4a9e22353758f27b8ea7c0eefa.jpg 84,198,262,267,0
6191_104_0_jpg.rf.fee9b5f299085ac6915df2203a7c3f9b.jpg 69,188,183,253,0
6422_104_0_jpg.rf.63475b7d16789cf9b3dcc2f95508b292.jpg 354,223,598,281,0
6749_104_0_jpg.rf.a62b2aa94a231c23b27baf6a9123389b.jpg 33,208,125,275,0
6188_104_1_jpg.rf.88f696271fc63a61061f8a2b7d28c047.jpg 179,194,386,257,0
6250_104_0_jpg.rf.e385c895f3ddbc13bd5d595a883be17a.jpg 89,208,275,276,0
2747_104_0_jpg.rf.e92d2a4de267c7c16f5032c1b6183159.jpg 75,174,211,238,0
9659_104_0_jpg.rf.028c614be07adf4accf0e726d1df3282.jpg 51,199,123,258,0
6265_104_1_jpg.rf.0a6db40deda00976808eccc90357d6e3.jpg 133,182,340,245,0
6107_104_0_jpg.rf.2f5d3b1bed46a871be35b7bf9069fc11.jpg 78,211,227,281,0
3474_104_0_jpg.rf.dc1dbc8854a88b18912c8a9db0c3fb23.jpg 55,181,159,246,0
3524_104_0_jpg.rf.e22d860ba82c01f5f1fc204b3ebb24dc.jpg 254,207,474,271,0
3212_104_1_jpg.rf.0e02152a41fcfcf01c59f0709f7f7e54.jpg 333,190,601,254,0
2599_104_0_jpg.rf.3c51ce31f910ba71d3a8396e580ac0a7.jpg 282,197,536,259,0
6329_104_0_jpg.rf.1cc2e9f4e403e043f6dc24e40c2ae787.jpg 48,183,126,246,0
5444_104_0_jpg.rf.758b04d4d6a4f0c40cdc702ae2ce6935.jpg 368,197,542,262,0
2451_104_0_jpg.rf.ffb49e037e139cf27863d8dbe353bdf7.jpg 160,180,365,248,0
9523_104_0_jpg.rf.4f7674bc9805329c61caef7af00ba265.jpg 95,166,255,232,0
6090_104_0_jpg.rf.d83094055acd194e1d0f051f0b6bd3bb.jpg 56,198,175,270,0
23_104_0_jpg.rf.8c17a9863b2563f295e5e621565aabad.jpg 85,160,199,226,0
6984_104_1_jpg.rf.29bd457b4b782ceee87e647fe2292cf7.jpg 283,180,537,244,0
6320_104_0_jpg.rf.5c23f13590acb16a825d1708a5b50328.jpg 103,183,271,249,0
3254_104_0_jpg.rf.89e7a6627b34a78d62ddd69ead5b7f42.jpg 45,205,122,267,0
9648_104_1_jpg.rf.69f4a829cfe9e3df96a8be25d1a71101.jpg 359,197,640,259,0
6443_104_1_jpg.rf.a691d4b2e4be79ea13d16091e383f5d9.jpg 191,194,417,256,0
3454_104_1_jpg.rf.03b07c59bd79be9f1cfe2584b824bc22.jpg 194,174,411,238,0
3202_104_0_jpg.rf.1433e3041d4be5e6581dd2bfd3afa193.jpg 131,180,329,243,0
2217_104_0_jpg.rf.054651ec7e15ca43d5cda8417948ed33.jpg 126,166,304,230,0
3409_104_1_jpg.rf.fe3e79500dc38ca2d9d5715d7fb564fe.jpg 180,179,368,243,0
2692_104_1_jpg.rf.630961a7ea55e30a7da4ff0c40e80426.jpg 344,208,596,275,0
6264_104_1_jpg.rf.bf0577930582a25811f9ab6d00b20e76.jpg 338,193,567,251,0
6424_104_1_jpg.rf.8c0034c88affed773125024d9c6dd7c8.jpg 89,222,250,286,0
3871_104_0_jpg.rf.47efb0924eb07bcc403e8ad6f6c1020d.jpg 145,191,338,256,0
6278_104_0_jpg.rf.a2cfa18b973440a08c08390b0d26aa78.jpg 0,218,70,280,0
6500_104_1_jpg.rf.2ccb662d2afd6901cf88f7bd167cefe7.jpg 275,188,535,252,0
3227_104_0_jpg.rf.54d744c19d2f0df6db5bf71b516c0da6.jpg 47,195,133,257,0
6100_104_1_jpg.rf.7662bf6981cdcfdb5e43952f33627fb9.jpg 163,221,379,282,0